245863,1985,799
111328,1989,799,16877
270779,1991,799
194534,1992,799,29701
296659,1993,799
306527,1993,799
340097,1993,799,16877
32902,1994,7143,17386,98462,98464
128806,1994,138128
251944,1994,799
291479,1994,7143,17386,98462,98464
295319,1994,799,2565,23524
268108,1995,138128
327792,1995,138128
117527,1996,138128
209981,1996,22,799
263591,1996,138128
291301,1996,799,2832,9286,26871
302497,1996,13203,138128
334543,1996,7143,17386
352848,1996,23190,138128
359557,1996,138128
393586,1996,9286,138128
61804,1997,138128
80988,1997,138128
100988,1997,138128
128799,1997,138128
151061,1997,13926,70147,138128
161936,1997,138128
179872,1997,138128
215501,1997,138128
222136,1997,138128
234173,1997,799,6516,138128
264193,1997,23190,138128
318936,1997,138128
321707,1997,138128
384559,1997,138128
72671,1998,2340,138128
89886,1998,799,1481,4859,35493
126337,1998,138128
145551,1998,799,138128
147437,1998,6013,138128
214175,1998,138128
214185,1998,138128
222124,1998,13203,138128
228099,1998,799
231538,1998,2233,8039,9286,138128
271045,1998,799
292538,1998,138128
296004,1998,138128
335592,1998,138128
338989,1998,799
341442,1998,138128
346042,1998,138128
369630,1998,45531,82626,138128
78490,1999,19720,138128
119537,1999,79040,138128
121232,1999,138128
152189,1999,138128
154458,1999,827,4924,11903,13904,18227,30801,87288,138128
165048,1999,138128
209832,1999,138128
220375,1999,138128
230639,1999,138128
247580,1999,2340,138128
251559,1999,799
280635,1999,9286,138128
295728,1999,1626,138128
299474,1999,4451,16255,138128
306509,1999,138128
358080,1999,138128
382278,1999,25,2029,138128
399660,1999,4381,74775,138128
70262,2000,138128
79768,2000,138128
117546,2000,8032,9246,138128
128797,2000,138128
179698,2000,138128
213681,2000,13203,138128
250214,2000,138128
266149,2000,799
329104,2000,9286,138128
338991,2000,138128
378117,2000,8717,138128
16040,2001,138128
72439,2001,138128
79211,2001,138128
93888,2001,138128
98321,2001,2340,138128
121580,2001,138128
146849,2001,138128
169803,2001,138128
181325,2001,138128
187765,2001,799
192589,2001,9286,138128
240789,2001,138128
257272,2001,138128
317244,2001,138128
318514,2001,138128
323028,2001,138128
357941,2001,138128
358544,2001,138128
17906,2002,138128
21650,2002,9286,138128
31540,2002,6035,57867,138128
59966,2002,827,4924,9362,11903,13904,18227,30801,87288,138128
102408,2002,138128
157244,2002,138128
177282,2002,138128
196309,2002,2029,138128
218975,2002,10546,10665,17386
253672,2002,10390,21738,138128
269298,2002,4394,6656,14124,138128
278997,2002,138128
300180,2002,1937,6837,16053,38325,138128
309321,2002,68718,138128
363158,2002,13027,17386,138152
405514,2002,138128
4778,2003,138128
25205,2003,138128
63996,2003,68718,138128
64365,2003,9286,138128
80461,2003,2449,138128
108038,2003,6750,138128
117006,2003,138128
137950,2003,138128
151918,2003,2233,8039,9286,138128
165434,2003,138128
184295,2003,799,4400
213307,2003,68718,138128
244833,2003,10390,21738,138128
260577,2003,8032,9246,138128
276662,2003,799
304493,2003,35493,138128
318190,2003,138128
322714,2003,138128
4574,2004,13203,138128
10009,2004,138128
11538,2004,138128
28965,2004,138128
45347,2004,3949,14725,21214,39612,138128
53681,2004,138128
55134,2004,799,9965
57100,2004,20992,138128
66250,2004,138128
72413,2004,138128
113822,2004,138128
126738,2004,9286,138128
163331,2004,17386
193226,2004,138128
203712,2004,13203,138128
240635,2004,138128
266044,2004,138128
269336,2004,138128
3324,2005,138128
11197,2005,138128
15464,2005,10069,138128
70664,2005,2360,15661,17386
78796,2005,17386
82439,2005,138128
94307,2005,138128
97421,2005,1626,17386
117266,2005,138128
131081,2005,138128
169595,2005,138128
174566,2005,138128
180862,2005,10069,138128
271164,2005,138128
402782,2005,17386,138152
52804,2006,1695,11585,90624,138128
64081,2006,138128
66252,2006,9755,16141,138128
74715,2006,17386
87661,2006,17386
108257,2006,138128
119766,2006,138128
205647,2006,17386
310929,2006,138128
330767,2006,17386,27791
376110,2006,138128
14073,2007,5909,17386,28263
16242,2007,8032,9246,138128
46593,2007,138128
52899,2007,23733,138128
58871,2007,17386
63587,2007,27018,86794,138128,138152
72490,2007,17386,138152
80751,2007,466,17386,27755,27756
82544,2007,17386
86035,2007,68718,138128
96066,2007,138128
258087,2007,17386,27394,138152
265943,2007,466,17386
19536,2008,138128
21386,2008,138128
29112,2008,17386,138152
33795,2008,827,9487,9488,11897,12159,26122,65482,138128
38062,2008,17386
47998,2008,17386
113183,2008,3949,14725,21214,39612,138128
116155,2008,138128
126590,2008,35493,138128
147045,2008,138128
186749,2008,138128
193852,2008,138128
282712,2008,138128
6512,2009,68718,138128
9934,2009,17386
22058,2009,17386
25877,2009,17386,138152
34230,2009,138128
50795,2009,12610,17386
114465,2009,1905,17386,98455
114708,2009,17386
114736,2009,17386
122435,2009,17386,138152
136174,2009,15661,17386
144266,2009,797,15661,17386,27791
155922,2009,17386,138152
167930,2009,17386
200384,2009,17386,28263
207684,2009,17386
245633,2009,17386,138152
247962,2009,17386,138152
323357,2009,138128
8948,2010,17386
8959,2010,17386,138152
21698,2010,17386
23180,2010,17386
46633,2010,1391,7863,12169,17386,17977,43597,81360
48517,2010,138128
114484,2010,17386
140480,2010,1592,1905,7894,17386,138152
150574,2010,2360,17386
150576,2010,17386
180104,2010,138128
207895,2010,799,4740,9286
312273,2010,7512,17386,28703,138152
323390,2010,138128
383091,2010,17386,138152
394683,2010,17386
394698,2010,17386
400228,2010,17386
404007,2010,17386,138152
439,2011,17386
6402,2011,17386,138152
10307,2011,17386,27047
37732,2011,17386,138152
85144,2011,17386,21274
118545,2011,138128
147146,2011,5909,17386,28263
149606,2011,17386,138152
210849,2011,17386
240487,2011,5695,35493,138128
271121,2011,138128
276682,2011,799,4740,9286
300574,2011,17386,137923
333590,2011,2374,3679,17386,26744
372634,2011,17386,138152
384192,2011,17386
398432,2011,17386,27047
6395,2012,17386
10221,2012,17386,138152
46535,2012,17386,138152
48948,2012,17386,138152
49748,2012,17386,138152
64540,2012,17386
82834,2012,17386,138152
106970,2012,138128
120349,2012,17386
125688,2012,17386,138152
156810,2012,138128
158610,2012,15661,17386
273540,2012,17386,138152
373865,2012,1391,7863,12169,17386,17977,81360
10535,2013,17386
10544,2013,17386,138152
29469,2013,205,4994,138128
46154,2013,1391,1801,7863,12169,17386,17977,43597,81360
156793,2013,15737,17386
285215,2013,17386
293937,2013,17386
374115,2013,17386
392397,2013,17386,138152
403449,2013,17386
408645,2013,11804,17386,138152
803,2014,3720,3900
9302,2014,3720
24545,2014,3720
86518,2014,3720
96506,2014,3720
148099,2014,17386
191338,2014,138128
191357,2014,17386
230718,2014,3720
281139,2014,3720
321186,2014,138128
386343,2014,17386
388124,2014,3720
394510,2014,17386