374938,1985,799
184067,1989,799,16877
407574,1991,799
305552,1992,799,29701
440017,1993,799
453397,1993,799
494637,1993,799,16877
57489,1994,7143,17386,98462,98464
209445,1994,138128
382995,1994,799
433541,1994,7143,17386,98462,98464
438333,1994,799,2565,23524
403991,1995,138128
478585,1995,138128
193009,1996,138128
325689,1996,22,799
398674,1996,138128
433363,1996,799,2832,9286,26871
448350,1996,13203,138128
487142,1996,7143,17386
510184,1996,23190,138128
517804,1996,138128
556396,1996,9286,138128
106573,1997,138128
137817,1997,138128
168338,1997,138128
209438,1997,138128
244363,1997,13926,70147,138128
260844,1997,138128
286407,1997,138128
333233,1997,138128
343571,1997,138128
359072,1997,799,6516,138128
399322,1997,23190,138128
467562,1997,138128
471074,1997,138128
545899,1997,138128
124009,1998,2340,138128
150030,1998,799,1481,4859,35493
205122,1998,138128
236052,1998,799,138128
238591,1998,6013,138128
331031,1998,138128
331041,1998,138128
343559,1998,13203,138128
351260,1998,799
355745,1998,2233,8039,9286,138128
407840,1998,799
434685,1998,138128
439184,1998,138128
488399,1998,138128
493135,1998,799
496243,1998,138128
501849,1998,138128
529685,1998,45531,82626,138128
133224,1999,19720,138128
196067,1999,79040,138128
198278,1999,138128
245974,1999,138128
249246,1999,827,4924,11903,13904,18227,30801,87288,138128
264815,1999,138128
325540,1999,138128
341394,1999,138128
354602,1999,138128
377304,1999,2340,138128
382447,1999,799
420409,1999,9286,138128
438742,1999,1626,138128
443601,1999,4451,16255,138128
453379,1999,138128
516099,1999,138128
543512,1999,25,2029,138128
563476,1999,4381,74775,138128
119833,2000,138128
135177,2000,138128
193028,2000,8032,9246,138128
209436,2000,138128
286155,2000,138128
330537,2000,13203,138128
380711,2000,138128
401754,2000,799
480286,2000,9286,138128
493137,2000,138128
538902,2000,8717,138128
26636,2001,138128
27793,2001,138128
123685,2001,138128
134124,2001,138128
157504,2001,138128
164631,2001,2340,138128
198687,2001,138128
237628,2001,138128
254955,2001,7225,138128
256927,2001,138128
271189,2001,138128
288150,2001,138128
296279,2001,799
302984,2001,9286,138128
336806,2001,799
341717,2001,138128
368718,2001,138128
390200,2001,138128
392885,2001,13203,138128
423748,2001,138128
423765,2001,138128
452334,2001,138128
465703,2001,138128
467140,2001,138128
472878,2001,138128
487426,2001,22895,138128
515960,2001,138128
516645,2001,138128
30636,2002,138128
37862,2002,9286,138128
55549,2002,6035,57867,138128
80087,2002,799,8514
103797,2002,827,4924,9362,11903,13904,18227,30801,87288,138128
140423,2002,138128
170713,2002,138128
181025,2002,9286,138128
191629,2002,799,2939,4859
192192,2002,6686,138128
207605,2002,68718,138128
228349,2002,138128
253870,2002,138128
262430,2002,17386
268219,2002,138128
282351,2002,138128
282803,2002,17386
305686,2002,138128
308068,2002,2029,138128
314231,2002,19720,138128
336218,2002,17514,23190,138128
339233,2002,10546,10665,17386
372483,2002,138128
385108,2002,10390,21738,138128
392887,2002,138128
405576,2002,661,138128
405664,2002,4394,6656,14124,138128
415247,2002,138128
418323,2002,138128
444380,2002,1937,6837,16053,38325,138128
456419,2002,68718,138128
521919,2002,13027,17386,138152
554722,2002,17386
570424,2002,138128
7753,2003,138128
43155,2003,138128
68445,2003,17386
106051,2003,17386
109351,2003,68718,138128
109720,2003,9286,138128
115732,2003,138128
118825,2003,16696,17386
120564,2003,17386
131569,2003,138128
136291,2003,2449,138128
138232,2003,7143,138128
157965,2003,50209,138128
162506,2003,2449,138128
179603,2003,6750,138128
191946,2003,138128
223840,2003,138128
235136,2003,138128
245459,2003,2233,8039,9286,138128
246305,2003,138128
265285,2003,138128
292150,2003,799,4400
329889,2003,68718,138128
332394,2003,17386
361809,2003,138128
361831,2003,138128
372286,2003,79040,138128
373790,2003,10390,21738,138128
394284,2003,8032,9246,138128
415286,2003,799
450918,2003,35493,138128
463889,2003,138128
466750,2003,138128
472289,2003,138128
494937,2003,138128
543079,2003,23190,138128
7433,2004,13203,138128
16884,2004,138128
18725,2004,138128
51258,2004,138128
54159,2004,17386
69317,2004,799,49765
79135,2004,3949,14725,21214,39612,138128
94636,2004,138128
96892,2004,799,9965
98961,2004,17386
99503,2004,20992,138128
112674,2004,138128
123659,2004,138128
125082,2004,12161,138128
125097,2004,138128
128819,2004,138128
155164,2004,3778,138128
164335,2004,138128
187586,2004,138128
200066,2004,138128
206158,2004,9286,138128
241561,2004,37262,138128
244060,2004,22682,22683,138128
262940,2004,17386
300299,2004,4446,17386
303975,2004,138128
317368,2004,13203,138128
368552,2004,138128
372332,2004,138128
401649,2004,138128
405702,2004,138128
410524,2004,799,1481,4859,35493
428333,2004,17386
5250,2005,138128
18297,2005,138128
26533,2005,10069,138128
92217,2005,718,138128
115520,2005,138128
120469,2005,2360,15661,17386
133653,2005,17386
139701,2005,138128
146411,2005,23190,86908,138128
149496,2005,138128
158167,2005,138128
163274,2005,1626,17386
165665,2005,9286,138128
192692,2005,138128
200099,2005,17386
212488,2005,138128
219307,2005,138128
270932,2005,138128
278103,2005,138128
278602,2005,17386
287574,2005,10069,138128
330404,2005,17386
372552,2005,9636,17386
407959,2005,138128
410467,2005,3687,17386
439011,2005,138128
442046,2005,37262,138128
502268,2005,799,920
529469,2005,17386
567408,2005,17386,138152
55154,2006,17386
92207,2006,17386
93319,2006,1695,11585,90624,138128
109436,2006,138128
112676,2006,9755,16141,138128
127311,2006,17386
146868,2006,17386
154746,2006,138128
155423,2006,90379,138128
179859,2006,138128
184646,2006,138128
194931,2006,138128
196296,2006,138128
199635,2006,138128
283368,2006,17386
319969,2006,17386
335986,2006,138128
341696,2006,17386,138152
344173,2006,138128
378991,2006,17386
390958,2006,7143,17386
449130,2006,17386,21274
458501,2006,138128
482102,2006,17386,27791
497887,2006,17386
536815,2006,138128
10539,2007,7143,17386
23214,2007,5909,17386,28263
28128,2007,8032,9246,138128
67888,2007,15027,17386
77928,2007,2000,2360,15661,17386
81251,2007,138128
93414,2007,23733,138128
95902,2007,17386,138152
101882,2007,17386
108898,2007,27018,86794,138128,138152
116873,2007,17386
123828,2007,17386,138152
137323,2007,466,17386,27755,27756
139867,2007,17386
141489,2007,7035,17386,28263
144499,2007,68718,138128
154719,2007,17386
161124,2007,138128
181096,2007,17386
188722,2007,17386
195555,2007,16202,17386
273475,2007,9213,9469,15027,17386,21520,27756
280739,2007,17386
281306,2007,17386,65395
281308,2007,17386,138152
317598,2007,9665,17386,138152
366362,2007,138128
368012,2007,138128
381205,2007,17386
391066,2007,17386,27394,138152
392624,2007,17386,138152
401548,2007,466,17386
414022,2007,138128
414053,2007,17386,65395
452330,2007,57823,138128
452332,2007,138128
474894,2007,17386
496746,2007,17386,65395,138152
504637,2007,799,97085
12576,2008,10575,138128
14040,2008,2464,17386,138152
14408,2008,27018,138128
30300,2008,17386,19724
33449,2008,138128
37147,2008,138128
51405,2008,17386,138152
59281,2008,827,9487,9488,11897,12159,26122,65482,138128
66477,2008,17386
75549,2008,17386
78708,2008,138128
83791,2008,17386
98876,2008,17386
109859,2008,17386
115469,2008,17386,21274
115978,2008,17386,138152
118647,2008,17386,138152
118779,2008,17386,65395,138152
125374,2008,9213,17386,25131,98455,138152
126954,2008,17386,65395,138152
133394,2008,17386,65395
138434,2008,3949,14725,21214,39612,138128
176749,2008,17386,27791
186583,2008,3949,14725,21214,39612,138128
190484,2008,138128
191572,2008,17386
205965,2008,35493,138128
220875,2008,17386
234436,2008,17386
235836,2008,17386
238136,2008,138128
261909,2008,14345,138128
268251,2008,3949,14725,21214,39612,138128
283311,2008,17386
295129,2008,138128
304789,2008,138128
392606,2008,17386
422584,2008,138128
466897,2008,3949,14725,21214,39612,138128
469778,2008,17386,138152
1656,2009,10800,17386
10877,2009,68718,138128
13607,2009,138128
16809,2009,17386
23596,2009,3081,17386
23948,2009,138128
36005,2009,17386
37273,2009,17386,65395
38346,2009,17386
44900,2009,17386,138152
58320,2009,17386
60209,2009,138128
80812,2009,9694,13027,17386,87418
84356,2009,17386
89501,2009,12610,17386
99005,2009,2360,15661,17386
103050,2009,17386,65395,98474
105404,2009,718,138128
136071,2009,17386
161005,2009,11031,17386,26976,138152
164656,2009,313,4263,7895,17386
172197,2009,17386,65395
175722,2009,799,16425
187336,2009,17386,65395,138152
188447,2009,1905,17386,98455
188766,2009,17386
188794,2009,17386
192439,2009,138128
199907,2009,17386,138152
220003,2009,15661,17386
224505,2009,17386,138152
225786,2009,17386,138152
234142,2009,797,15661,17386,27791
247250,2009,17386,65395
249681,2009,17386,65395
251115,2009,17386,138152
268139,2009,138128
268593,2009,17386
268637,2009,17386
299925,2009,17386,138152
309808,2009,17386
313185,2009,17386,28263
316430,2009,17386,138152
322769,2009,17386
324300,2009,138128
332741,2009,17386
353012,2009,17386,138131,138152
368001,2009,17386,65395,138152
374708,2009,17386,138152
377686,2009,17386,138152
392239,2009,202,799,4634
473309,2009,138128
5964,2010,17386
15525,2010,17386
15536,2010,17386,138152
22341,2010,17386,138152
27875,2010,17386
37910,2010,17386
39871,2010,17386
48207,2010,17386
65205,2010,17386
74653,2010,17386
78314,2010,17386
81291,2010,1391,7863,12169,17386,17977,43597,81360
83496,2010,17386
84471,2010,17386
84858,2010,138128
136458,2010,17386
172152,2010,799,97085
188466,2010,17386
206734,2010,17386
228894,2010,1592,1905,7894,17386,138152
243609,2010,2360,17386
243611,2010,17386
286639,2010,138128
300936,2010,14980,138128
323045,2010,799,4740,9286
345032,2010,17386,138152
357158,2010,17386
460070,2010,7512,17386,28703,138152
473342,2010,138128
504647,2010,1386,4925,9213,17386,85977,138131
544398,2010,17386,138152
557608,2010,17386
557623,2010,17386
564534,2010,17386
568827,2010,17386,138152
532,2011,17386
10767,2011,17386,138152
16950,2011,4102,138128
17335,2011,17386,27047
41627,2011,17386
49259,2011,17386
49436,2011,17386,138152
50128,2011,4925,17386
62427,2011,27018,86794,138128,138152
66026,2011,17386,138152
73504,2011,17386,138152
74570,2011,7895,17386
80524,2011,17386
83660,2011,17386,138152
83667,2011,17386
83698,2011,17386,65395,138152
88980,2011,17386
116318,2011,11634,138128
143608,2011,17386,21274
159307,2011,17386,138152
161049,2011,17386
163886,2011,17386
178585,2011,17386
180768,2011,138128
194372,2011,138128
210622,2011,17386,138152
238237,2011,5909,17386,28263
242460,2011,17386,138152
261328,2011,17386
281749,2011,799,920
299971,2011,17386,138152
323395,2011,17386
326837,2011,17386
348387,2011,17386
368404,2011,5695,35493,138128
392235,2011,17386,138152
407916,2011,138128
415306,2011,799,4740,9286
444848,2011,17386,137923
485608,2011,2374,3679,17386,26744
492272,2011,17386,39144,138152
525385,2011,138128
532994,2011,17386,138152
545499,2011,17386
561959,2011,17386,27047
574641,2011,17386,138152
7347,2012,17386
10760,2012,17386
17249,2012,17386,138152
25940,2012,138128
41899,2012,14920,17386
54248,2012,17386
66788,2012,17386,138152
68613,2012,17386,65395,138152
71177,2012,17386
73953,2012,17386
81193,2012,17386,138152
82020,2012,17386
85458,2012,17386,138152
87078,2012,17386,138152
102739,2012,17386
108841,2012,138128
110062,2012,17386
119885,2012,17386
125172,2012,138128
135307,2012,17386
136417,2012,17386
138312,2012,8167,17386,52996
140460,2012,17386,138152
149023,2012,17386
154466,2012,3081,17386,138152
168023,2012,17386
169348,2012,2050,17386,98455
178203,2012,138128
197090,2012,17386
204110,2012,17386,138152
217958,2012,17386
232263,2012,17386,138152
240896,2012,15027,17386,58889
252733,2012,138128
256307,2012,15661,17386
382209,2012,13532,17386,19117,138152
411222,2012,17386,138152
412249,2012,11804,17386,65395,138152
533359,2012,17386
534430,2012,1391,7863,12169,17386,17977,81360
551171,2012,4634,14682,138128
17629,2013,17386
17638,2013,17386,138152
19820,2013,17386
22395,2013,17386
24306,2013,17386,138152
37200,2013,3720
51868,2013,205,4994,138128
67502,2013,11570,17386,138131,138152
72740,2013,17386,65395,138152
73131,2013,7566,15027,17386
80358,2013,1391,1801,7863,12169,17386,17977,43597,81360
93309,2013,17386
107251,2013,17386,138152
192342,2013,16848,17386,138152
219875,2013,17386
220381,2013,17386
241599,2013,13027,17386,87418
252716,2013,15737,17386
268973,2013,17386
276224,2013,17386,98474
276465,2013,17386,138152
313006,2013,17386,138152
318140,2013,17386
347268,2013,181,3720
348559,2013,17386,138152
352115,2013,17386,74966
425618,2013,17386
436435,2013,17386
509034,2013,5014,36635,68718,138128
534680,2013,17386
555156,2013,17386,138152
568268,2013,17386
574459,2013,11804,17386,138152
1113,2014,3720,3900
4070,2014,3720,32164
14891,2014,17386,20702,98474
15735,2014,17386,138152
16177,2014,3720
19746,2014,3720
26949,2014,17386
36848,2014,3720
39013,2014,3720
42360,2014,3720
42550,2014,17386,98474
45803,2014,17386,138152
47352,2014,3720
85861,2014,3720,13960
87281,2014,17386
89267,2014,17386,98474
91320,2014,9413,17386
93544,2014,3720
98351,2014,138128
98371,2014,3720,65395,138152
98529,2014,17386
114648,2014,3720
118056,2014,3720,21371
142447,2014,3081,17386
145202,2014,3720
161756,2014,3720
170866,2014,15027,17386
221395,2014,2305,7798,17386
226583,2014,17386,18308
234649,2014,17386,138152
239572,2014,17386
250629,2014,17386
251050,2014,138128
251444,2014,3720
254288,2014,17386
279690,2014,17386
283903,2014,17386
295248,2014,3720
295265,2014,14920,17386
301278,2014,138128
301297,2014,17386
354265,2014,1481,5695,17386,98262
354681,2014,3720
354742,2014,17386
369927,2014,17386
413522,2014,17386,27573,39144,81125
420913,2014,3720
466307,2014,799,24350,24353,138139
470532,2014,138128
495887,2014,3720
545537,2014,3720
548102,2014,17386
550231,2014,3720
557435,2014,17386
575303,2014,3720
8351,2015,3720,7635
10206,2015,13034,17386,65395
11208,2015,3720
19296,2015,14920,17386
19827,2015,1050,17386,138152
29695,2015,3720,6859
29899,2015,15661,17386
35948,2015,15135,17386
36266,2015,14920,17386
36803,2015,3720
41279,2015,3720
41864,2015,3720
43197,2015,879,138128
43520,2015,17386
46585,2015,181,3720
51717,2015,2526,17386,138152
52832,2015,181,3720
56705,2015,17386
59113,2015,138128
63669,2015,17386
67142,2015,3720
69359,2015,17386,138152
73434,2015,3720
82154,2015,3720
92410,2015,3720
93564,2015,3720
114245,2015,3720,11974
119622,2015,9665,11050,11661,12543,17386,17591,26036,35493,66017
128319,2015,2148,10665,17386,28453
132564,2015,3720
142452,2015,3720
155300,2015,138128
160957,2015,3720,11563,27875
212935,2015,9413,17386
214839,2015,3720
243711,2015,3720
248735,2015,795,17386,138152
249643,2015,17386
250626,2015,17386
257642,2015,3720
260398,2015,3720,8669,10983,18227,25988,137945
268972,2015,3720,11436
285399,2015,17386
310410,2015,9413,17386
313506,2015,3720
334384,2015,4925,17386,138152
336083,2015,17386
338615,2015,14920,17386,21274,27117
350360,2015,202,138128
362102,2015,3720
363392,2015,3720
384264,2015,4925,17386
394986,2015,3720
428060,2015,3720
436156,2015,3720
510024,2015,1503,17386
547922,2015,17386